J(A/m2)    q.s.hot        q.s.cold       Q.e          eta[%]    Tmax[K] 
--------------------------------------------------------------------
0          -77130         -77166         0
result     -0.0462   481.5   
500        -95998         -92814         -208
result  3.32      486.1   
600        -99898         -96285         -263
result  3.62      487.3   
700        -103851        -99879         -323
result  3.82      488.5   
800        -107862        -103602        -388
result  3.95      489.9   
900        -111936        -107460        -458
result  4         491.4   
1000       -116079        -111457        -534
result  3.98      493.0   
1100       -120297        -115599        -615
result  3.9       494.6   
